result_score
0.85
precision_score=0.986013986013986
recall_score=0.7121212121212122
accuracy_score=0.941